# Created by Octave 3.2.4, Tue Nov 12 11:28:05 2013 CET <alberto@Boabdil>
# name: hnotch
# type: matrix
# rows: 301
# columns: 1
 -4.8212897693913e-05
 -0.0003073146305847041
 -0.0001664609043937305
 0.0002224275244559406
 0.0003389259565384133
 -1.142846203483399e-06
 -0.0003594764136547239
 -0.000247329767780918
 0.0001995409527819817
 0.0003859063303505492
 6.195141425511174e-05
 -0.0003354275924819178
 -0.0002810328469931144
 0.0001300447886994928
 0.0003392484668006819
 9.98670696979041e-05
 -0.0002247995649772087
 -0.0002144838504156478
 4.409820376459353e-05
 0.0001663506555890976
 5.472689376507799e-05
 -4.139351078228623e-05
 0
 -3.06666986932933e-06
 -0.0001320771024024747
 -0.0001293455479127527
 0.0001607525483072912
 0.0003686277169865434
 5.41180922406933e-05
 -0.0004955516391482643
 -0.0004662265235054803
 0.0002952495527689175
 0.0008207172140157011
 0.0002505895859379365
 -0.0008045009244951885
 -0.0008851344809389644
 0.0002846560105943118
 0.001202828761946406
 0.0005404345891910944
 -0.0009229365575386957
 -0.001217184173339494
 0.0001210749774330792
 0.001322897605087038
 0.0007715132396660298
 -0.0007726690717547519
 -0.001237408184713863
 -8.981674205138787e-05
 0.001038400779776953
 0.0007175517540079194
 -0.00040183880514794
 -0.0007620889711102297
 -0.0001411785555936523
 0.0003509177604987629
 0.0001754167462035141
 0
 0.0002346555708366774
 0.0001880989670168787
 -0.000548259046422974
 -0.0009038279582190664
 0.0001707348475104037
 0.001546258138661234
 0.0009951444922338671
 -0.00132543087496662
 -0.002314245149019581
 -8.303331574531337e-05
 0.002758159519125647
 0.002127049832532327
 -0.001647278485837051
 -0.003593554518373208
 -0.0007317528281704722
 0.003389572135059771
 0.003145679924207628
 -0.001366921761279826
 -0.004155903255233919
 -0.001442267183874006
 0.003110694057456413
 0.003436303227046709
 -0.0006610712878116258
 -0.003530988657285616
 -0.001642715304268602
 0.001940737914550257
 0.002450521670778965
 -2.687443036843611e-05
 -0.001617222672161035
 -0.0007466012313080873
 0.0003172277003081929
 0
 -9.76210735811066e-05
 0.001175057253213901
 0.001531162798046172
 -0.001033692957334511
 -0.00353133315772338
 -0.001320927438509087
 0.003989606792239767
 0.004899155117130997
 -0.001411794870182206
 -0.007181979096065265
 -0.003624644628097573
 0.005818814403890265
 0.00840197020892623
 -0.0005325066739202659
 -0.009669375305436925
 -0.006232592295350833
 0.005940199621390471
 0.01061176723609316
 0.001178825254295939
 -0.009851983871701501
 -0.007757625288952782
 0.00432371335441763
 0.01008018588724338
 0.002549629263869935
 -0.007235313183449924
 -0.006597666951256759
 0.001819390614570377
 0.0059103048705647
 0.001954550804873153
 -0.0023111162253723
 -0.001528390596005365
 0
 -0.001770071972202804
 -0.002118936741507814
 0.003442888117994365
 0.007719254452531622
 0.0006647270013361293
 -0.01164573705196596
 -0.01042316372181131
 0.007955837588246075
 0.02013611216056643
 0.005156696481612312
 -0.02147422879268221
 -0.02247407499842798
 0.009244666671326845
 0.03353398130184621
 0.01374583058108532
 -0.02872177658586926
 -0.03646194476541137
 0.006148334120921251
 0.04508356408496548
 0.02533109807416116
 -0.03137223454201155
 -0.04963287888533171
 -0.001164082382741331
 0.05213560056643917
 0.03761296931805348
 -0.02862052286470534
 -0.0590466515856336
 -0.01112395627424865
 0.0530468474071251
 0.04771358479798321
 -0.02118736219158004
 0.9369476401748392
 -0.02118736219158004
 0.0477135847979832
 0.0530468474071251
 -0.01112395627424865
 -0.0590466515856336
 -0.02862052286470534
 0.03761296931805348
 0.05213560056643917
 -0.00116408238274133
 -0.04963287888533171
 -0.03137223454201155
 0.02533109807416117
 0.04508356408496548
 0.006148334120921251
 -0.03646194476541138
 -0.02872177658586926
 0.01374583058108532
 0.0335339813018462
 0.009244666671326849
 -0.02247407499842797
 -0.02147422879268221
 0.005156696481612313
 0.02013611216056643
 0.007955837588246077
 -0.01042316372181131
 -0.01164573705196597
 0.0006647270013361275
 0.00771925445253162
 0.003442888117994366
 -0.002118936741507814
 -0.001770071972202804
 0
 -0.001528390596005365
 -0.002311116225372302
 0.001954550804873152
 0.005910304870564702
 0.001819390614570376
 -0.006597666951256759
 -0.007235313183449926
 0.002549629263869936
 0.01008018588724338
 0.004323713354417631
 -0.007757625288952783
 -0.009851983871701506
 0.001178825254295941
 0.01061176723609317
 0.005940199621390473
 -0.006232592295350834
 -0.009669375305436928
 -0.0005325066739202677
 0.008401970208926225
 0.005818814403890265
 -0.003624644628097572
 -0.007181979096065264
 -0.001411794870182207
 0.004899155117131
 0.003989606792239767
 -0.001320927438509087
 -0.003531333157723384
 -0.001033692957334512
 0.00153116279804617
 0.001175057253213901
 -9.762107358110569e-05
 0
 0.0003172277003081933
 -0.0007466012313080865
 -0.001617222672161037
 -2.687443036843593e-05
 0.002450521670778965
 0.001940737914550257
 -0.001642715304268603
 -0.003530988657285616
 -0.000661071287811626
 0.003436303227046709
 0.003110694057456413
 -0.001442267183874006
 -0.004155903255233921
 -0.001366921761279827
 0.003145679924207631
 0.003389572135059771
 -0.0007317528281704725
 -0.00359355451837321
 -0.001647278485837051
 0.002127049832532329
 0.002758159519125647
 -8.303331574531277e-05
 -0.002314245149019583
 -0.00132543087496662
 0.0009951444922338673
 0.001546258138661234
 0.0001707348475104032
 -0.0009038279582190668
 -0.0005482590464229737
 0.0001880989670168791
 0.0002346555708366776
 0
 0.0001754167462035143
 0.0003509177604987632
 -0.0001411785555936525
 -0.0007620889711102304
 -0.0004018388051479393
 0.0007175517540079193
 0.001038400779776953
 -8.981674205138805e-05
 -0.001237408184713864
 -0.0007726690717547528
 0.00077151323966603
 0.00132289760508704
 0.000121074977433079
 -0.001217184173339495
 -0.0009229365575386971
 0.0005404345891910941
 0.001202828761946406
 0.0002846560105943125
 -0.0008851344809389646
 -0.0008045009244951894
 0.0002505895859379363
 0.0008207172140157014
 0.0002952495527689179
 -0.0004662265235054806
 -0.0004955516391482647
 5.411809224069327e-05
 0.0003686277169865434
 0.0001607525483072912
 -0.000129345547912753
 -0.0001320771024024749
 -3.066669869329258e-06
 0
 -4.139351078228631e-05
 5.472689376507834e-05
 0.000166350655589098
 4.409820376459354e-05
 -0.0002144838504156481
 -0.0002247995649772087
 9.986706969790421e-05
 0.0003392484668006819
 0.0001300447886994929
 -0.0002810328469931147
 -0.0003354275924819178
 6.195141425511184e-05
 0.0003859063303505491
 0.0001995409527819817
 -0.0002473297677809181
 -0.0003594764136547239
 -1.142846203483417e-06
 0.0003389259565384136
 0.0002224275244559405
 -0.0001664609043937304
 -0.0003073146305847042
 -4.821289769391309e-05
